   -0.148377
  -0.0056793
-0.000888395
   -0.267299
    0.354406
  -0.0305138
  -0.0474599
    0.150317
    0.286565
    0.315331
    -0.21263
    0.532312
     0.15663
   0.0119188
  -0.0564088
   -0.068627
   -0.760329
    0.326545
    0.171624
  -0.0694431   -0.148377
  -0.0056793
-0.000888395
   -0.267299
    0.354406
  -0.0305138
  -0.0474599
    0.150317
    0.286565
    0.315331
    -0.21263
    0.532312
     0.15663
   0.0119188
  -0.0564088
   -0.068627
   -0.760329
    0.326545
    0.171624
  -0.0694431