  0.00221971
 0.000791892
 -0.00289663
   0.0126974
   0.0203824
-0.000280847
   0.0322711
   0.0074398
   0.0135163
   0.0272675
   0.0257955
   0.0137577
   0.0020522
  -0.0105865
 -0.00395034
   0.0046059
  0.00972626
  0.00295346
 0.000447595
  0.00466742  0.00221971
 0.000791892
 -0.00289663
   0.0126974
   0.0203824
-0.000280847
   0.0322711
   0.0074398
   0.0135163
   0.0272675
   0.0257955
   0.0137577
   0.0020522
  -0.0105865
 -0.00395034
   0.0046059
  0.00972626
  0.00295346
 0.000447595
  0.00466742