# a_ = 
0
0
0
0
0
1
1
0
1
0
# b_ = 
0.827235
0.830681
0.832504
0.829161
0.824244
0.822959
0.833193
0.830786
0.831568
0.832951
# W_ = 
       0        0        0        0        0        0        0        0        0        0
       0        0        0        0        0        0        0        0        0        0
       0        0        0        0        0        0        0        0        0        0
       0        0        0        0        0        0        0        0        0        0
       0        0        0        0        0        0        0        0        0        0
0.827235 0.830681 0.832504 0.829161 0.824244 0.822959 0.833193 0.830786 0.831568 0.832951
0.827235 0.830681 0.832504 0.829161 0.824244 0.822959 0.833193 0.830786 0.831568 0.832951
       0        0        0        0        0        0        0        0        0        0
0.827235 0.830681 0.832504 0.829161 0.824244 0.822959 0.833193 0.830786 0.831568 0.832951
       0        0        0        0        0        0        0        0        0        0
