a_ = 
 -0.215036
  0.175959
  0.057154
 -0.118415
-0.0578639
 0.0398272
 -0.123773
 -0.171675
  0.465265
 -0.188225
b_ = 
0.00899862
0.00572688
0.00453308
 0.0201942
 0.0249916
0.00373161
 0.0424635
 0.0158775
 0.0172607
 0.0344253
W_ = 
-0.0829775 -0.0928356   -0.10549  -0.121042  -0.117517  -0.105381  -0.101137  -0.109404   -0.11184   -0.10879
  0.100759   0.100152  0.0921281   0.108495   0.112769  0.0759516   0.117234  0.0885257  0.0957108   0.103135
 0.0221011  0.0176303  0.0484068  0.0523024  0.0284107  0.0351378  0.0375388  0.0540554  0.0490704  0.0506764
-0.0604035 -0.0729998 -0.0488545 -0.0718878 -0.0510539 -0.0589544 -0.0515421 -0.0710192 -0.0510179 -0.0502034
-0.0176192 -0.0189174 -0.0287024 -0.0168329 -0.0246372 -0.0271299 -0.0299749 -0.0319075 -0.0277772 -0.0229748
 0.0273482  0.0471058  0.0339634  0.0134379  0.0207466  0.0373638  0.0172243  0.0330085  0.0394877  0.0330572
-0.0605999 -0.0598763 -0.0470872 -0.0422189 -0.0515033 -0.0641144 -0.0616513  -0.050924 -0.0447824 -0.0681836
-0.0804533 -0.0946608 -0.0892995 -0.0847539 -0.0877426 -0.0898361 -0.0767428 -0.0872443 -0.0624276 -0.0745553
  0.249669   0.253311    0.25707   0.251485   0.229942   0.237967   0.256897   0.257325   0.248991   0.259313
 -0.106849 -0.0961407  -0.111637 -0.0952403 -0.0861999 -0.0850968  -0.114742  -0.082378  -0.106853  -0.105657
