a_ = 
 -0.105928
 0.0236818
 0.0551298
-0.0874391
 -0.166228
  0.122769
 -0.011082
 -0.687192
   1.21789
 -0.713552
b_ = 
0.141765
0.139601
0.140616
0.151379
0.151895
0.133582
 0.17594
 0.14823
0.148155
0.167256
W_ = 
  0.0357613   0.0264512   0.0152066 -0.00209404 -0.00112776   0.0120043   0.0189363   0.0102061  0.00709998   0.0110831
  0.0733679   0.0739431   0.0659892   0.0803672   0.0824792   0.0483689   0.0885366   0.0610661   0.0667994    0.074464
  0.0931987   0.0896976    0.120794    0.121957   0.0957796    0.104664    0.108454    0.124541    0.118361    0.121211
  0.0130808  0.00130485   0.0261321  0.00151918   0.0201507   0.0135458   0.0222009  0.00290744   0.0223332   0.0236049
 -0.0277752  -0.0291283   -0.037057  -0.0268549  -0.0360795  -0.0378624  -0.0401267  -0.0425511  -0.0391866  -0.0343254
   0.158941    0.179222    0.168978    0.145403    0.149917    0.166724    0.150787    0.165034    0.171142    0.165276
  0.0691603   0.0709552   0.0843384   0.0856519   0.0750638   0.0634222   0.0686628   0.0775904   0.0841951   0.0621498
  -0.362932   -0.377934   -0.373006    -0.37108   -0.371232   -0.370187   -0.364158   -0.374909   -0.349892   -0.363731
   0.802629    0.806348    0.815139      0.8051    0.779102     0.78295    0.819155    0.809967    0.803352     0.81967
  -0.398047   -0.386776   -0.403814   -0.389263    -0.37682   -0.372284   -0.411601   -0.376969   -0.403895   -0.403824
