# a_ = 
-35.1476
  -36.39
-33.9486
-31.5606
-33.9785
-32.7895
-28.4344
-1.57611
       0
       0
# b_ = 
 -0.48704
-0.474949
-0.511542
 -0.44096
-0.412587
-0.398276
-0.462682
-0.421673
-0.471615
 -0.46606
# W_ = 
 -30.1659  -30.1344  -30.1618  -30.0662  -29.9453  -29.8988  -30.3541   -30.091   -30.083  -30.2787
 -31.3326   -31.335  -31.3754  -31.3687   -31.226   -31.067  -31.5978   -31.313  -31.3102  -31.5153
 -29.1631  -29.1556  -29.3042  -29.2816   -29.073  -29.0213  -29.4276  -29.2688  -29.2398  -29.4201
  -27.033  -26.9966  -27.1192  -27.0168  -26.9326  -26.8565  -27.2555  -27.0129  -27.0567  -27.2169
 -29.2641  -29.2641  -29.3239  -29.3109  -29.1455  -29.0649  -29.4629  -29.2574  -29.2589  -29.4369
 -28.2254  -28.2776  -28.3093   -28.216  -28.0964  -28.0686  -28.4119  -28.2507   -28.256  -28.4013
 -24.4811  -24.4905   -24.572  -24.5375   -24.406  -24.3192  -24.6603  -24.5073  -24.5205  -24.6153
 -1.21375  -1.20296  -1.21039  -1.19825  -1.19739  -1.19705  -1.22571  -1.20184  -1.21052  -1.22052
 -0.48704 -0.474949 -0.511542  -0.44096 -0.412587 -0.398276 -0.462682 -0.421673 -0.471615  -0.46606
        0         0         0         0         0         0         0         0         0         0
