# a_ = 
-0.176294
-0.156816
-0.178855
-0.156752
-0.175133
-0.173201
-0.167167
 -1.10134
  1.73208
 -1.21927
# b_ = 
0.332656
0.330133
0.331576
0.340964
0.339856
0.322549
0.366573
0.337105
0.336389
0.357018
# W_ = 
  0.0444481    0.035044   0.0210501  0.00468687  0.00612539   0.0217382   0.0265597   0.0184799   0.0125393   0.0177373
  0.0211685   0.0220264   0.0112188   0.0288558   0.0324165 -0.00245268   0.0362192  0.00838244   0.0118987   0.0205122
 0.00421369 0.000620087   0.0317114    0.034904  0.00848215   0.0200904   0.0191171    0.038244   0.0289359   0.0319337
  0.0176505  0.00535059   0.0302928  0.00664223   0.0266117    0.020696    0.027608  0.00825219   0.0264911   0.0287248
   0.029979   0.0289472   0.0189662   0.0314062    0.022482   0.0210348   0.0173623   0.0147509   0.0166376   0.0226239
   0.018823   0.0404484    0.027089  0.00444992   0.0106684   0.0306333   0.0079998   0.0254172   0.0292617   0.0226241
  0.0303953   0.0327254   0.0451378   0.0476819   0.0378357   0.0271227    0.028878   0.0391461    0.044378   0.0217908
  -0.607985    -0.62357   -0.619706   -0.618192   -0.615557   -0.612404   -0.612477   -0.622193   -0.597347   -0.612123
    1.30056     1.30359     1.31472     1.30186     1.27339      1.2762     1.32129       1.306     1.30002     1.32059
  -0.708017   -0.697028   -0.715456    -0.70127   -0.685515   -0.678616   -0.725781   -0.689055   -0.716585   -0.717883
