0;	1200.76
1;	1600.49
2;	1202.12
3;	2202.26
4;	2500.14
5;	1299.5
6;	1803.64
7;	2100.08
8;	1202
9;	1097.4
10;	1601.72
11;	1503.81
12;	704.137
13;	1002.08
14;	900.168
15;	505.515
16;	402.963
17;	406.869
18;	404.444
19;	407.026
20;	203.921
21;	305.395
22;	405.512
23;	112.269
24;	207.512
25;	302.082
26;	5.90062
27;	402.437
28;	306.01
29;	110.636
30;	13.9445
31;	15.7063
32;	105.78
33;	108.162
34;	110.186
35;	111.068
36;	1.23979
37;	106.106
38;	104.202
39;	310.413
40;	14.3177
41;	6.37029
42;	3.33493
43;	13.6054
44;	201.083
45;	7.24281
46;	115.189
47;	5.38144
48;	15.1431
49;	7.91266
50;	9.32655
51;	12.8867
52;	110.235
53;	13.135
54;	10.2096
55;	115.609
56;	6.02773
57;	13.9255
58;	108.633
59;	105.682
60;	14.9882
61;	107.646
62;	107.587
63;	15.009
64;	8.34456
65;	5.57878
66;	11.3465
67;	3.08934
68;	10.1573
69;	5.29205
70;	9.28204
71;	10.2449
72;	8.63899
73;	2.28451
74;	10.5345
75;	7.08579
76;	5.2416
77;	5.69925
78;	4.29779
79;	4.44402
80;	7.47145
81;	107.465
82;	103.647
83;	9.59956
84;	5.47449
85;	105.457
86;	7.73348
87;	5.23323
88;	3.0094
89;	5.4145
90;	9.87393
91;	8.37881
92;	3.78633
93;	6.0708
94;	2.67464
95;	102.737
96;	6.69508
97;	112.911
98;	6.26007
99;	6.29149
100;	6.49139
101;	105.488
102;	3.51899
103;	6.14492
104;	4.96589
105;	1.88169
106;	7.42811
107;	2.22803
108;	8.46976
109;	107.479
110;	107.136
111;	7.49887
112;	7.62038
113;	10.4371
114;	103.905
115;	8.74313
116;	3.6859
117;	112.805
118;	4.74035
119;	9.57407
120;	11.0877
121;	12.9157
122;	9.41208
123;	9.17686
124;	10.4121
125;	106.8
126;	6.74096
127;	5.0916
128;	9.84015
129;	8.2584
130;	108.924
131;	5.29277
132;	6.48899
133;	9.61108
134;	1.22669
135;	3.1531
136;	5.65669
137;	8.88199
138;	5.49713
139;	3.64499
140;	6.46877
141;	8.88344
142;	4.98355
143;	5.97437
144;	6.11158
145;	7.12143
146;	2.31688
147;	106.619
148;	7.26143
149;	5.48256
150;	3.30888
151;	3.22322
152;	5.50963
153;	8.19322
154;	11.2272
155;	10.9228
156;	5.02366
157;	2.19691
158;	7.39185
159;	0.779189
160;	-0.272979
161;	7.42202
162;	110.086
163;	7.72029
164;	7.50864
165;	4.8154
166;	2.2061
167;	8.92121
168;	7.92593
169;	8.67658
170;	7.6219
171;	4.23192
172;	6.13142
173;	2.42879
174;	6.68432
175;	-3.10041
176;	4.12217
177;	106.189
178;	1.3535
179;	5.59386
180;	6.16787
181;	6.5698
182;	0.972061
183;	5.57042
184;	5.02844
185;	3.18845
186;	4.48151
187;	6.01977
188;	6.65345
189;	6.0187
190;	8.52017
191;	105.668
192;	4.27385
193;	5.83641
194;	6.85749
195;	7.43333
196;	1.19907
197;	-0.549059
198;	6.38609
199;	1.39841
200;	7.47125
201;	6.92896
202;	2.70372
203;	10.5898
204;	6.03663
205;	106.285
206;	102.173
207;	3.80273
208;	5.22933
209;	11.426
210;	4.66039
211;	7.24965
212;	4.38783
213;	2.7477
214;	4.8001
215;	5.99717
216;	7.29956
217;	104.397
218;	0.0868987
219;	4.84049
220;	5.2781
221;	5.97121
222;	8.25622
223;	6.40475
224;	3.46526
225;	8.702
226;	12.2035
227;	7.32414
228;	5.91266
229;	3.2923
230;	7.3234
231;	6.52958
232;	4.31009
233;	7.15018
234;	3.10061
235;	-1.39142
236;	9.91536
237;	5.13377
238;	6.43732
239;	7.65624
240;	0.97437
241;	3.38505
242;	9.73382
243;	5.72024
244;	2.50554
245;	5.53375
246;	2.43783
247;	5.86091
248;	9.54837
249;	4.0051
250;	5.52472
251;	6.85534
252;	4.76069
253;	5.31639
254;	103.214
255;	104.052
256;	10.327
257;	0.713511
258;	6.05409
259;	103.772
260;	1.90413
261;	9.6609
262;	3.54382
263;	107.429
264;	9.80753
265;	10.215
266;	6.40915
267;	4.95101
268;	9.78069
269;	102.476
270;	1.38314
271;	5.45997
272;	2.52989
273;	6.06396
274;	7.90174
275;	8.72708
276;	7.10006
277;	4.98541
278;	8.52922
279;	1.37414
280;	4.61795
281;	8.58664
282;	9.63915
283;	4.67357
284;	5.33518
285;	5.59518
286;	10.0321
287;	4.32011
288;	-3.24357
289;	5.22096
290;	4.84353
291;	1.1503
292;	1.65851
293;	3.31072
294;	4.14782
295;	6.58965
296;	4.44069
297;	6.93556
298;	3.33341
299;	-1.39847
300;	3.246
301;	7.682
302;	1.81936
303;	4.29555
304;	2.9545
305;	7.49754
306;	5.09591
307;	6.8643
308;	3.37492
309;	6.65581
310;	-2.67831
311;	4.99834
312;	1.90641
313;	9.85747
314;	5.89684
315;	4.4244
316;	4.68001
317;	3.25196
318;	3.82112
319;	7.25633
320;	2.67248
321;	-0.548591
322;	5.39695
323;	2.24374
324;	3.28293
325;	5.9864
326;	3.99516
327;	1.18512
328;	2.77302
329;	3.41263
330;	8.91942
331;	5.61906
332;	7.98925
333;	0.67241
334;	6.99129
335;	4.58082
336;	2.24168
337;	0.192369
338;	2.23319
339;	6.38796
340;	5.62239
341;	6.15248
342;	7.04622
343;	4.94268
344;	5.46785
345;	6.00871
346;	2.90839
347;	4.41738
348;	7.87283
349;	1.28923
350;	5.48523
351;	1.48157
352;	5.37237
353;	2.28956
354;	6.94791
355;	4.54516
356;	2.99376
357;	3.18464
358;	5.89574
359;	3.31988
360;	5.77356
361;	-0.124512
362;	4.66844
363;	6.683
364;	4.78527
365;	4.92953
366;	1.70382
367;	3.72393
368;	1.71117
369;	4.16855
370;	6.60136
371;	4.88309
372;	8.25293
373;	3.73501
374;	1.85969
375;	2.85768
376;	2.66224
377;	4.03961
378;	8.10408
379;	2.37374
380;	1.54476
381;	2.90435
382;	98.8155
383;	1.74519
384;	-1.44853
385;	5.16261
386;	4.15459
387;	8.60079
388;	4.35334
389;	5.77911
390;	6.81378
391;	4.24999
392;	5.74809
393;	2.54969
394;	0.13275
395;	5.42433
396;	2.83732
397;	6.49797
398;	3.95736
399;	4.10723
400;	0.307143
401;	5.22972
402;	2.84904
403;	5.60107
404;	4.16843
405;	6.25354
406;	0.796075
407;	4.29766
408;	100.271
409;	4.97828
410;	2.81553
411;	2.42447
412;	5.76895
413;	103.714
414;	-2.62492
415;	2.68194
416;	-2.29913
417;	2.75834
418;	2.52932
419;	3.52001
420;	3.55701
421;	3.05249
422;	2.53121
423;	2.356
424;	3.64565
425;	6.87739
426;	4.29647
427;	1.87971
428;	1.6942
429;	6.39266
430;	2.54304
431;	4.52701
432;	0.406787
433;	5.8045
434;	4.1507
435;	4.34528
436;	0.434763
437;	-0.303039
438;	1.16593
439;	0.394992
440;	2.34535
441;	4.78897
442;	4.1909
443;	4.0385
444;	0.50684
445;	4.18369
446;	-0.0561506
447;	-2.03967
448;	2.66744
449;	2.65719
450;	3.41644
451;	4.60598
452;	3.61548
453;	1.79152
454;	0.0824499
455;	4.5724
456;	2.71465
457;	4.03501
458;	0.260048
459;	1.17578
460;	-0.541274
461;	4.78934
462;	0.410632
463;	2.38844
464;	5.07383
465;	0.808867
466;	0.690473
467;	1.60009
468;	3.39683
469;	1.17107
470;	3.29197
471;	103.513
472;	0.609525
473;	0.567233
474;	105.463
475;	1.94154
476;	2.36626
477;	-1.04385
478;	2.3908
479;	102.123
480;	-0.598488
481;	6.45992
482;	6.15744
483;	2.92923
484;	3.56229
485;	2.17131
486;	4.36967
487;	4.28512
488;	0.680328
489;	4.2551
490;	4.18002
491;	4.06113
492;	5.31303
493;	4.36645
494;	-0.580163
495;	1.61849
496;	5.46261
497;	2.8112
498;	2.02377
499;	2.26168
500;	1.79633
501;	3.82931
502;	4.47476
503;	5.37281
504;	2.46244
505;	2.66003
506;	3.40033
507;	0.699568
508;	3.61038
509;	0.237983
510;	5.53328
511;	0.888811
512;	0.726919
513;	5.41099
514;	3.00954
515;	1.72376
516;	3.60574
517;	2.94435
518;	4.19927
519;	3.80373
520;	0.462613
521;	1.98544
522;	2.65112
523;	1.09432
524;	2.67046
525;	4.26595
526;	0.876689
527;	3.11042
528;	2.08436
529;	3.212
530;	2.76448
531;	2.70066
532;	4.01656
533;	1.31419
534;	4.35798
535;	1.63732
536;	2.50351
537;	5.20188
538;	3.78101
539;	1.72102
540;	0.381316
541;	2.57161
542;	3.07591
543;	1.93451
544;	0.837641
545;	2.72105
546;	3.64045
547;	2.76438
548;	3.68723
549;	3.24664
550;	1.78481
551;	3.01525
552;	1.64848
553;	2.14552
554;	1.16435
555;	1.23229
556;	4.40091
557;	3.52021
558;	0.477927
559;	1.01295
560;	5.09812
561;	1.88418
562;	5.79288
563;	1.62657
564;	1.33916
565;	0.575146
566;	1.33906
567;	3.81462
568;	0.963068
569;	3.36401
570;	1.68114
571;	3.21241
572;	2.72774
573;	3.18499
574;	3.9579
575;	1.77796
576;	0.443597
577;	0.586951
578;	2.22323
579;	2.48315
580;	2.50963
581;	2.63621
582;	4.65318
583;	2.23542
584;	2.86742
585;	1.92708
586;	3.3942
587;	-0.498241
588;	2.75154
589;	2.33683
590;	0.68701
591;	0.654349
592;	3.72295
593;	3.35843
594;	1.07045
595;	2.31988
596;	0.894503
597;	2.27677
598;	4.68181
599;	1.57622
600;	2.48809
601;	2.3557
602;	1.00542
603;	2.29218
604;	0.471486
605;	3.45874
606;	2.29402
607;	1.92329
608;	1.83486
609;	1.68471
610;	2.67032
611;	3.15884
612;	1.81262
613;	102.661
614;	2.46689
615;	-0.861234
616;	0.710876
617;	4.41609
618;	3.82962
619;	-0.809574
620;	2.06475
621;	-1.13751
622;	-0.533695
623;	1.84764
624;	1.20128
625;	1.40109
626;	-0.506426
627;	3.22106
628;	0.465366
629;	4.18275
630;	2.39512
631;	4.34062
632;	1.79351
633;	3.34499
634;	1.74458
635;	2.52792
636;	3.73401
637;	3.24934
638;	3.74119
639;	1.53182
640;	-0.47563
641;	0.0946636
642;	1.6318
643;	3.33681
644;	3.29127
645;	0.274883
646;	2.03709
647;	4.38057
648;	1.60378
649;	2.02796
650;	-0.266049
651;	3.49885
652;	1.90854
653;	1.95375
654;	1.61841
655;	2.31361
656;	0.967882
657;	2.28302
658;	0.632075
659;	2.26941
660;	1.48152
661;	1.74778
662;	-0.0131657
663;	2.2554
664;	3.52973
665;	1.64826
666;	3.31889
667;	2.01777
668;	2.54977
669;	3.20843
670;	4.85105
671;	3.85068
672;	1.81199
673;	0.27584
674;	1.34441
675;	1.1703
676;	6.31044
677;	2.75954
678;	3.25771
679;	3.0731
680;	-0.910332
681;	3.72394
682;	1.4972
683;	1.15578
684;	4.24283
685;	3.55646
686;	1.50324
687;	5.3162
688;	2.88351
689;	0.669805
690;	1.19135
691;	2.07245
692;	2.26116
693;	1.53063
694;	1.16957
695;	-0.00523471
696;	2.47133
697;	2.67674
698;	-1.21018
699;	3.30023
700;	2.48882
701;	1.90027
702;	1.57564
703;	3.03318
704;	-0.542449
705;	3.60955
706;	0.00436146
707;	2.78102
708;	1.75345
709;	1.73508
710;	3.1364
711;	0.669217
712;	2.97246
713;	0.485166
714;	3.37998
715;	2.86966
716;	3.78674
717;	0.822312
718;	3.04937
719;	1.28005
720;	4.8029
721;	4.30249
722;	1.71493
723;	1.75939
724;	3.9071
725;	103.059
726;	104.134
727;	2.66658
728;	4.09027
729;	2.79354
730;	0.886519
731;	1.10109
732;	3.44139
733;	2.183
734;	2.48819
735;	2.48753
736;	0.840606
737;	3.19187
738;	2.18383
739;	1.03419
740;	0.573225
741;	2.6711
742;	1.42316
743;	2.58605
744;	3.38432
745;	0.424051
746;	1.01948
747;	0.648784
748;	1.12194
749;	2.6074
750;	1.5382
751;	2.10318
752;	1.76067
753;	1.86796
754;	1.19534
755;	3.13961
756;	0.679739
757;	1.26147
758;	0.530501
759;	3.96288
760;	0.0661584
761;	1.66761
762;	5.86846
763;	4.85836
764;	2.2873
765;	1.1578
766;	2.84137
767;	0.276432
768;	1.26569
769;	0.539207
770;	2.50648
771;	3.20935
772;	3.42071
773;	3.51268
774;	4.06306
775;	1.31927
776;	0.690917
777;	-0.69727
778;	1.27484
779;	2.57566
780;	1.01912
781;	2.36029
782;	2.49309
783;	2.24807
784;	2.40933
785;	2.42696
786;	2.148
787;	0.539217
788;	2.55939
789;	1.86457
790;	0.395048
791;	2.19768
792;	0.866166
793;	2.52839
794;	2.08577
795;	0.466679
796;	2.04216
797;	5.90803
798;	3.18345
799;	2.53823
800;	0.7207
801;	1.57466
802;	1.63172
803;	2.60287
804;	2.57287
805;	4.15149
806;	1.66472
807;	0.68398
808;	3.24487
809;	5.73829
810;	2.71223
811;	3.1115
812;	-0.257142
813;	3.34149
814;	4.96815
815;	1.47492
816;	1.52309
817;	2.71766
818;	1.01298
819;	0.75322
820;	4.61236
821;	2.34875
822;	0.0575553
823;	2.14995
824;	3.10284
825;	102.872
826;	4.14277
827;	3.60408
828;	1.58756
829;	1.13248
830;	2.98019
831;	1.17032
832;	2.31707
833;	3.14052
834;	3.91121
835;	0.811138
836;	1.0088
837;	-0.354402
838;	2.53928
839;	3.10817
840;	2.53303
841;	2.91553
842;	1.24776
843;	1.35755
844;	1.59508
845;	0.438421
846;	1.62182
847;	2.37023
848;	1.00903
849;	2.03069
850;	3.98562
851;	2.17034
852;	4.53876
853;	2.62102
854;	2.59611
855;	2.13773
856;	2.79962
857;	1.14863
858;	1.67689
859;	1.46003
860;	4.43125
861;	0.432456
862;	0.82488
863;	2.25001
864;	2.77283
865;	2.96607
866;	1.45999
867;	0.935953
868;	1.89847
869;	1.09383
870;	101.427
871;	0.257856
872;	100.458
873;	3.01173
874;	0.500536
875;	1.58167
876;	1.86029
877;	1.56003
878;	0.875399
879;	1.53959
880;	3.98944
881;	1.66934
882;	1.35065
883;	0.00829718
884;	1.56148
885;	0.42407
886;	1.13574
887;	1.96897
888;	3.58024
889;	2.13568
890;	0.991849
891;	-0.431024
892;	3.30049
893;	2.06336
894;	1.33255
895;	1.72376
896;	1.12965
897;	3.58494
898;	3.88587
899;	2.0055
900;	1.36294
901;	1.33387
902;	0.857791
903;	1.29848
904;	1.50155
905;	2.00466
906;	1.24385
907;	2.68952
908;	1.53746
909;	4.28774
910;	1.0463
911;	1.91583
912;	-0.0197119
913;	0.971625
914;	1.48352
915;	0.701811
916;	0.377322
917;	3.72252
918;	3.53548
919;	1.55595
920;	3.35942
921;	0.80723
922;	0.205604
923;	4.1571
924;	0.392352
925;	2.08361
926;	1.80144
927;	0.534666
928;	0.485619
929;	2.52344
930;	2.61411
931;	4.40628
932;	-0.411453
933;	1.7425
934;	2.1414
935;	3.2797
936;	0.703655
937;	2.07027
938;	3.23348
939;	0.197053
940;	2.45423
941;	4.01515
942;	4.50935
943;	3.1602
944;	0.913447
945;	2.35202
946;	3.99919
947;	2.23466
948;	2.7743
949;	1.11443
950;	3.82285
951;	2.9023
952;	1.61361
953;	3.34068
954;	1.09982
955;	1.89579
956;	0.712822
957;	1.1791
958;	0.397697
959;	0.177685
960;	-0.0879549
961;	1.99975
962;	2.09444
963;	1.00645
964;	1.90339
965;	0.80996
966;	0.823738
967;	2.26603
968;	2.94729
969;	0.851802
970;	2.11002
971;	1.53944
972;	2.66464
973;	3.91887
974;	1.46994
975;	0.570522
976;	1.83772
977;	1.7003
978;	1.98547
979;	0.132154
980;	1.03592
981;	1.76162
982;	2.88096
983;	1.2242
984;	4.74234
985;	2.45173
986;	2.58898
987;	-0.0996976
988;	2.11256
989;	4.81931
990;	0.6212
991;	0.537372
992;	0.89386
993;	1.80835
994;	1.59605
995;	1.94691
996;	3.14598
997;	1.67582
998;	3.10182
999;	1.11386
1000;	0.398174
1001;	0.181292
1002;	2.46239
1003;	4.38098
1004;	3.82399
1005;	2.36257
1006;	1.7637
1007;	3.15166
1008;	1.72773
1009;	-0.03425
1010;	1.2736
1011;	2.5083
1012;	0.168432
1013;	2.26233
1014;	2.34479
1015;	0.926381
1016;	3.64871
1017;	0.272865
1018;	1.46309
1019;	2.62958
1020;	3.29791
1021;	2.30526
1022;	2.42759
1023;	1.19955
1024;	0.937284
1025;	2.295
1026;	0.722377
1027;	1.69536
1028;	3.16093
1029;	0.420423
1030;	-0.643326
1031;	2.47485
1032;	1.5047
1033;	2.05552
1034;	1.90335
1035;	1.46281
1036;	0.69706
1037;	0.854577
1038;	0.942755
1039;	0.594559
1040;	0.604519
1041;	1.55349
1042;	1.41344
1043;	3.03542
1044;	5.92632
1045;	2.5299
1046;	1.95235
1047;	2.52013
1048;	0.420258
1049;	3.55858
1050;	1.40852
1051;	2.55046
1052;	1.32095
1053;	1.0521
1054;	2.50741
1055;	4.27621
1056;	2.06197
1057;	1.48756
1058;	1.62486
1059;	1.24546
1060;	1.89456
1061;	-0.0641917
1062;	3.28274
1063;	1.41789
1064;	0.763845
1065;	1.9782
1066;	2.40368
1067;	1.52147
1068;	2.26673
1069;	1.18462
1070;	3.60334
1071;	0.417681
1072;	0.137879
1073;	2.40684
1074;	2.72894
1075;	-0.296432
1076;	2.74696
1077;	3.07797
1078;	2.75113
1079;	0.420452
1080;	2.8544
1081;	0.478497
1082;	-1.16636
1083;	2.64834
1084;	1.43216
1085;	1.1285
1086;	0.632621
1087;	2.34404
1088;	2.3575
1089;	0.780498
1090;	1.63225
1091;	1.39688
1092;	0.539647
1093;	3.22015
1094;	-0.412903
1095;	1.57358
1096;	1.07854
1097;	3.13893
1098;	2.0283
1099;	1.73504
1100;	0.856385
1101;	1.91139
1102;	2.18399
1103;	1.33689
1104;	1.74609
1105;	1.91487
1106;	0.797584
1107;	1.96802
1108;	-0.468575
1109;	2.21607
1110;	4.69467
1111;	3.21214
1112;	3.54325
1113;	0.901425
1114;	1.1681
1115;	1.19001
1116;	0.491768
1117;	0.962032
1118;	1.59281
1119;	2.84569
1120;	-0.429057
1121;	0.739513
1122;	0.683499
1123;	0.984862
1124;	1.78622
1125;	2.51821
1126;	0.2635
1127;	2.72576
1128;	4.02364
1129;	1.38271
1130;	2.42797
1131;	1.69733
1132;	2.67612
1133;	0.477742
1134;	2.3322
1135;	2.27148
1136;	-0.0497407
1137;	1.10488
1138;	1.64161
1139;	2.48411
1140;	0.714215
1141;	1.07406
1142;	-0.131233
1143;	2.43943
1144;	1.76762
1145;	2.0728
1146;	0.845775
1147;	100.027
1148;	2.09624
1149;	1.77769
1150;	-0.552727
1151;	0.980616
1152;	1.44836
1153;	1.43402
1154;	1.48968
1155;	0.697224
1156;	0.73888
1157;	2.06455
1158;	0.584891
1159;	1.03368
1160;	0.552221
1161;	2.47779
1162;	1.97336
1163;	1.47802
1164;	0.606831
1165;	1.58818
1166;	1.80025
1167;	3.17957
1168;	1.7913
1169;	0.334558
1170;	1.79664
1171;	2.09647
1172;	0.990141
1173;	1.4626
1174;	-1.13412
1175;	1.63038
1176;	2.12585
1177;	-0.764095
1178;	1.8477
1179;	0.112472
1180;	1.28277
1181;	1.62523
1182;	0.219848
1183;	1.62789
1184;	0.838847
1185;	1.09125
1186;	4.01989
1187;	3.19232
1188;	-0.310744
1189;	2.5896
1190;	2.5572
1191;	2.70263
1192;	1.16085
1193;	2.05972
1194;	0.0569159
1195;	4.80598
1196;	2.91507
1197;	-0.00415562
1198;	3.54097
1199;	2.59948
1200;	0.456491
1201;	1.21948
1202;	1.04652
1203;	1.53293
1204;	0.358532
1205;	0.752524
1206;	2.68398
1207;	-0.437447
1208;	0.803046
1209;	0.455925
1210;	0.176896
1211;	3.3061
1212;	2.5453
1213;	2.3175
1214;	2.24497
1215;	3.38786
1216;	2.63079
1217;	1.90142
1218;	-0.136142
1219;	-0.327582
1220;	-0.107583
1221;	0.0585301
1222;	1.04855
1223;	1.45837
1224;	-0.25669
1225;	0.720719
1226;	1.59538
1227;	2.07346
1228;	-0.0471446
1229;	0.738125
1230;	0.886777
1231;	1.48419
1232;	2.70761
1233;	1.94388
1234;	1.26279
1235;	0.432769
1236;	2.89011
1237;	1.24972
1238;	3.07466
1239;	1.31282
1240;	1.14519
1241;	1.41912
1242;	0.460229
1243;	3.02324
1244;	0.995059
1245;	2.07822
1246;	0.58886
1247;	2.84536
1248;	1.45791
1249;	1.78361
1250;	1.10144
1251;	1.58864
1252;	0.918946
1253;	0.60852
1254;	0.746322
1255;	1.37885
1256;	0.795029
1257;	0.635879
1258;	-0.470004
1259;	1.32772
1260;	2.45658
1261;	1.89852
1262;	2.39312
1263;	0.560621
1264;	1.31308
1265;	0.18442
1266;	1.97776
1267;	-0.432873
1268;	1.21542
1269;	2.82144
1270;	1.06272
1271;	1.92077
1272;	2.66736
1273;	1.09331
1274;	1.63742
1275;	2.42596
1276;	2.29492
1277;	-0.281656
1278;	2.20853
1279;	3.25784
1280;	2.93892
1281;	-0.231095
1282;	3.09213
1283;	1.51724
1284;	1.15242
1285;	2.75231
1286;	-0.404409
1287;	-0.33388
1288;	2.90964
1289;	1.09206
1290;	1.38197
1291;	1.39621
1292;	2.01602
1293;	0.305155
1294;	0.42967
1295;	-0.163601
1296;	1.61067
1297;	2.24963
1298;	2.45334
1299;	1.97542
1300;	1.24956
1301;	0.123063
1302;	0.483211
1303;	0.183817
1304;	3.78441
1305;	-0.263738
1306;	-0.151281
1307;	1.9254
1308;	-0.0322578
1309;	1.88473
1310;	2.67978
1311;	-0.560228
1312;	0.732952
1313;	0.598024
1314;	3.48015
1315;	2.94619
1316;	0.283343
1317;	0.156488
1318;	2.32796
1319;	0.00369057
1320;	-0.0434225
1321;	2.4042
1322;	0.424346
1323;	1.35365
1324;	0.327261
1325;	0.544534
1326;	2.15443
1327;	1.1687
1328;	1.32153
1329;	3.40565
1330;	2.5055
1331;	1.55217
1332;	2.04004
1333;	0.994396
1334;	0.944589
1335;	0.00626547
1336;	1.68036
1337;	3.10748
1338;	0.411722
1339;	1.72614
1340;	0.098034
1341;	2.50761
1342;	0.36573
1343;	1.9923
1344;	1.12288
1345;	2.14113
1346;	1.77293
1347;	0.156638
1348;	2.64973
1349;	1.64898
1350;	2.8444
1351;	1.74436
1352;	1.12175
1353;	0.48658
1354;	-0.0854694
1355;	1.62439
1356;	1.99337
1357;	1.18754
1358;	0.876221
1359;	0.612736
1360;	0.994074
1361;	0.941257
1362;	2.9144
1363;	2.1382
1364;	0.76051
1365;	1.67451
1366;	1.96297
1367;	4.85924
1368;	1.99585
1369;	1.50581
1370;	0.254377
1371;	0.930844
1372;	0.0856094
1373;	2.64568
1374;	-0.816318
1375;	0.696526
1376;	2.28487
1377;	1.12895
1378;	1.17382
1379;	2.58708
1380;	0.83076
1381;	2.00107
1382;	2.55311
1383;	1.2447
1384;	-0.0418483
1385;	1.95807
1386;	1.86939
1387;	0.339771
1388;	1.7722
1389;	3.17359
1390;	0.422675
1391;	1.63115
1392;	-0.352549
1393;	0.245212
1394;	2.20683
1395;	1.83037
1396;	1.35806
1397;	3.10936
1398;	1.70645
1399;	1.18747
1400;	0.960432
1401;	3.03835
1402;	1.13864
1403;	2.2743
1404;	-0.332791
1405;	0.580929
1406;	0.536523
1407;	0.424245
1408;	2.00685
1409;	3.0227
1410;	1.56295
1411;	1.10499
1412;	1.85382
1413;	1.27724
1414;	0.479707
1415;	1.89663
1416;	2.09822
1417;	0.753011
1418;	3.12458
1419;	1.54004
1420;	3.98523
1421;	1.41133
1422;	1.46151
1423;	-0.660771
1424;	1.26163
1425;	2.02027
1426;	0.142241
1427;	2.18932
1428;	0.130233
1429;	3.77518
1430;	1.3385
1431;	0.409529
1432;	3.03919
1433;	1.54304
1434;	4.06115
1435;	2.93514
1436;	1.88447
1437;	1.04235
1438;	3.3299
1439;	101.399
1440;	0.266781
1441;	-0.140198
1442;	0.581788
1443;	0.319773
1444;	2.51958
1445;	0.0490091
1446;	0.421936
1447;	1.5285
1448;	0.899928
1449;	0.500829
1450;	0.815136
1451;	4.06592
1452;	0.474156
1453;	0.807762
1454;	1.06505
1455;	3.12131
1456;	0.793942
1457;	1.42099
1458;	2.12797
1459;	0.766908
1460;	0.730084
1461;	0.0308726
1462;	0.0399673
1463;	-0.0641705
1464;	0.920447
1465;	1.64094
1466;	2.77401
1467;	100.986
1468;	1.8462
1469;	2.5662
1470;	1.67518
1471;	2.08355
1472;	-0.265399
1473;	0.83936
1474;	1.50073
1475;	2.24191
1476;	0.178934
1477;	0.184521
1478;	0.316837
1479;	1.81363
1480;	1.13715
1481;	-0.849318
1482;	0.5826
1483;	1.60967
1484;	1.94006
1485;	1.18676
1486;	0.636034
1487;	1.0245
1488;	1.34889
1489;	1.88753
1490;	1.68658
1491;	2.43012
1492;	0.68086
1493;	2.29174
1494;	0.118603
1495;	0.916854
1496;	0.526061
1497;	1.44077
1498;	0.720754
1499;	0.848423
1500;	0.58318
1501;	0.693495
1502;	1.65685
1503;	-0.631296
1504;	1.26895
1505;	2.15683
1506;	0.561671
1507;	0.88311
1508;	0.890553
1509;	2.00382
1510;	0.688642
1511;	2.30841
1512;	101.632
1513;	0.650728
1514;	-0.149716
1515;	0.767046
1516;	0.764366
1517;	2.04664
1518;	0.00530851
1519;	0.43391
1520;	1.0162
1521;	0.269929
1522;	2.03455
1523;	1.88126
1524;	0.477548
1525;	0.514782
1526;	1.09662
1527;	1.69984
1528;	0.615006
1529;	1.09902
1530;	1.02091
1531;	0.44686
1532;	0.874404
1533;	1.04795
1534;	1.61431
1535;	1.22485
1536;	1.20841
1537;	3.22255
1538;	2.45432
1539;	0.914895
1540;	1.71722
1541;	2.15635
1542;	2.27835
1543;	0.779899
1544;	-0.329239
1545;	2.18044
1546;	1.18546
1547;	0.314988
1548;	0.938797
1549;	2.09412
1550;	0.323394
1551;	1.51487
1552;	-0.0711219
1553;	0.502219
1554;	1.76694
1555;	1.47151
1556;	0.816944
1557;	0.806077
1558;	2.15864
1559;	0.244072
1560;	1.81208
1561;	0.506413
1562;	1.81471
1563;	0.0528369
1564;	-0.00752058
1565;	1.27652
1566;	101.872
1567;	1.5578
1568;	1.09496
1569;	2.19886
1570;	0.530611
1571;	3.44103
1572;	2.32609
1573;	1.91084
1574;	2.40047
1575;	1.29355
1576;	1.01421
1577;	3.22734
1578;	1.2312
1579;	-0.338079
1580;	1.41193
1581;	2.05745
1582;	1.61839
1583;	0.979866
1584;	1.07862
1585;	1.07126
1586;	1.36522
1587;	3.2857
1588;	0.526165
1589;	0.731658
1590;	1.19326
1591;	2.42584
1592;	1.13862
1593;	2.96589
1594;	0.200554
1595;	-0.217721
1596;	3.01565
1597;	1.32783
1598;	1.35013
1599;	1.66611
1600;	3.03351
1601;	1.72936
1602;	1.17415
1603;	100.881
1604;	3.29524
1605;	0.917154
1606;	-0.108875
1607;	1.34526
1608;	1.88572
1609;	2.60969
1610;	1.9704
1611;	0.208312
1612;	1.14318
1613;	2.19833
1614;	1.59318
1615;	0.925254
1616;	1.34403
1617;	1.69994
1618;	0.214317
1619;	0.422799
1620;	0.465898
1621;	2.00017
1622;	1.00098
1623;	2.68876
1624;	1.53292
1625;	1.40745
1626;	1.59081
1627;	2.10366
1628;	-0.223216
1629;	0.276223
1630;	1.54729
1631;	1.28058
1632;	1.1214
1633;	0.144792
1634;	0.202375
1635;	1.76384
1636;	0.924081
1637;	1.30088
1638;	3.55009
1639;	2.13115
1640;	-0.376691
1641;	-0.182644
1642;	1.05735
1643;	6.16323
1644;	1.83283
1645;	1.196
1646;	1.47246
1647;	0.0775524
1648;	2.91369
1649;	6.21791
1650;	-0.148203
1651;	2.42128
1652;	3.71163
1653;	3.02048
1654;	1.44303
1655;	0.959694
1656;	0.563812
1657;	0.945405
1658;	0.89321
1659;	0.554414
1660;	1.28865
1661;	1.7452
1662;	0.778172
1663;	1.42298
1664;	0.630854
1665;	0.953469
1666;	1.04747
1667;	-0.428608
1668;	-0.168948
1669;	1.7575
1670;	1.47411
1671;	2.22921
1672;	-0.250144
1673;	0.0564968
1674;	0.912119
1675;	1.45622
1676;	0.148886
1677;	1.62611
1678;	2.08852
1679;	1.22189
1680;	1.01335
1681;	0.976722
1682;	0.954392
1683;	-0.22228
1684;	1.31171
1685;	0.809027
1686;	1.55678
1687;	-0.478281
1688;	1.79881
1689;	-0.514541
1690;	0.243684
1691;	0.230525
1692;	1.75316
1693;	0.985856
1694;	0.770132
1695;	0.751083
1696;	0.370727
1697;	2.3007
1698;	0.438169
1699;	2.79724
1700;	-0.39104
1701;	1.62704
1702;	-0.1744
1703;	1.00023
1704;	2.46877
1705;	1.62379
1706;	1.91659
1707;	2.04229
1708;	1.73563
1709;	1.86642
1710;	0.932712
1711;	0.601476
1712;	0.890469
1713;	0.854383
1714;	1.24869
1715;	1.73744
1716;	0.999099
1717;	2.96826
1718;	-0.729827
1719;	1.13782
1720;	0.526041
1721;	-0.751894
1722;	2.7199
1723;	3.08088
1724;	0.915066
1725;	4.01403
1726;	-0.0410735
1727;	1.90613
1728;	3.45351
1729;	1.23864
1730;	0.791168
1731;	0.455672
1732;	0.731503
1733;	2.86597
1734;	-0.133576
1735;	1.62725
1736;	0.428467
1737;	2.06566
1738;	2.36932
1739;	0.12719
1740;	1.67857
1741;	0.693129
1742;	0.126619
1743;	0.657962
1744;	0.391256
1745;	-0.454831
1746;	1.20742
1747;	1.62896
1748;	1.40335
1749;	2.6265
1750;	0.767925
1751;	0.262863
1752;	1.1362
1753;	1.59731
1754;	-0.0877371
1755;	1.17622
1756;	0.999733
1757;	-0.766129
1758;	0.211221
1759;	3.61196
1760;	1.65619
1761;	1.37993
1762;	2.95347
1763;	1.09999
1764;	2.74036
1765;	1.27194
1766;	1.58557
1767;	0.0973582
1768;	-0.132281
1769;	1.2776
1770;	0.259949
1771;	1.4272
1772;	1.87824
1773;	1.69355
1774;	1.75393
1775;	1.36328
1776;	2.88062
1777;	0.183186
1778;	0.186467
1779;	-0.0802717
1780;	0.462747
1781;	-0.0647613
1782;	0.542773
1783;	2.59657
1784;	2.56773
1785;	1.90442
1786;	0.405132
1787;	3.28452
1788;	1.56256
1789;	0.621495
1790;	-0.578679
1791;	-0.107075
1792;	0.818209
1793;	0.982791
1794;	0.611489
1795;	0.873543
1796;	0.927296
1797;	-0.277899
1798;	1.08966
1799;	-0.211596
1800;	-0.915676
1801;	0.599955
1802;	1.30622
1803;	0.960462
1804;	1.41598
1805;	1.7717
1806;	0.872628
1807;	-0.669507
1808;	0.449329
1809;	1.03147
1810;	0.611578
1811;	0.48632
1812;	0.394517
1813;	2.33435
1814;	1.43283
1815;	0.0809495
1816;	1.41128
1817;	1.18927
1818;	1.03822
1819;	3.50824
1820;	0.574103
1821;	1.39874
1822;	0.573322
1823;	1.00491
1824;	1.19125
1825;	2.34883
1826;	0.763581
1827;	2.31996
1828;	1.15921
1829;	1.09989
1830;	2.85226
1831;	0.973441
1832;	1.27657
1833;	1.36648
1834;	1.22401
1835;	1.40917
1836;	0.466332
1837;	0.775699
1838;	0.740301
1839;	-0.68978
1840;	1.45128
1841;	-0.273412
1842;	1.05522
1843;	1.51296
1844;	0.526353
1845;	0.758311
1846;	0.591028
1847;	0.247198
1848;	0.864132
1849;	2.14994
1850;	1.84975
1851;	1.69429
1852;	1.21292
1853;	-0.152744
1854;	102.331
1855;	1.60965
1856;	3.1537
1857;	3.3622
1858;	3.06139
1859;	0.421357
1860;	1.44822
1861;	-0.0446151
1862;	0.793159
1863;	0.709014
1864;	1.42984
1865;	1.166
1866;	2.38854
1867;	1.36621
1868;	1.7333
1869;	0.52506
1870;	2.14511
1871;	-0.744744
1872;	-0.24833
1873;	1.32856
1874;	0.0100456
1875;	0.803872
1876;	1.76586
1877;	2.35726
1878;	2.43517
1879;	3.31737
1880;	0.932212
1881;	4.48713
1882;	2.0439
1883;	0.464403
1884;	1.36866
1885;	0.796239
1886;	0.748518
1887;	1.64985
1888;	0.791052
1889;	1.6459
1890;	0.165783
1891;	1.22358
1892;	1.01333
1893;	0.627586
1894;	1.33742
1895;	2.4853
1896;	1.14242
1897;	1.26873
1898;	1.53986
1899;	0.199367
1900;	0.284184
1901;	1.32548
1902;	1.6843
1903;	2.04742
1904;	1.24925
1905;	1.47418
1906;	1.12417
1907;	0.700311
1908;	-0.0321661
1909;	0.218895
1910;	2.99102
1911;	1.81597
1912;	2.2428
1913;	1.81642
1914;	0.847364
1915;	1.47325
1916;	0.264866
1917;	0.417017
1918;	2.1264
1919;	0.706077
1920;	0.545903
1921;	1.0254
1922;	2.61194
1923;	1.48998
1924;	0.936317
1925;	1.44076
1926;	1.28107
1927;	3.08843
1928;	1.96022
1929;	0.262105
1930;	1.13158
1931;	2.5267
1932;	0.32017
1933;	2.45084
1934;	0.410195
1935;	1.08355
1936;	2.22431
1937;	2.14377
1938;	0.857474
1939;	1.63049
1940;	1.69319
1941;	2.25884
1942;	0.729994
1943;	-0.347754
1944;	0.596271
1945;	0.500563
1946;	1.1901
1947;	-0.430737
1948;	0.430151
1949;	1.42833
1950;	2.1414
1951;	0.964638
1952;	0.882306
1953;	-0.0818536
1954;	0.702078
1955;	-0.488228
1956;	1.19828
1957;	1.06801
1958;	2.16299
1959;	2.84524
1960;	1.56377
1961;	-0.113768
1962;	0.767647
1963;	1.48663
1964;	-0.156274
1965;	0.302972
1966;	0.599434
1967;	0.673281
1968;	1.52187
1969;	1.13715
1970;	0.258526
1971;	2.64842
1972;	-0.122459
1973;	-0.209638
1974;	1.90064
1975;	-0.192449
1976;	0.0692827
1977;	1.84261
1978;	0.458362
1979;	0.298996
1980;	0.240208
1981;	1.53512
1982;	1.24438
1983;	2.82845
1984;	0.861063
1985;	0.473928
1986;	1.90046
1987;	1.73414
1988;	0.546834
1989;	100.455
1990;	0.0005964
1991;	0.984333
1992;	0.0737526
1993;	-0.228761
1994;	0.167738
1995;	1.07399
1996;	1.40527
1997;	-0.103268
1998;	0.787711
1999;	0.929117
2000;	1.47156
2001;	-0.081356
2002;	-0.316175
2003;	0.862479
2004;	1.64183
2005;	-1.14594
2006;	0.973401
2007;	0.531959
2008;	0.997671
2009;	1.33004
2010;	0.705449
2011;	1.45729
2012;	2.20126
2013;	0.189947
2014;	0.219212
2015;	0.245974
2016;	2.92866
2017;	1.07668
2018;	2.16008
2019;	-0.603036
2020;	0.449056
2021;	2.18972
2022;	0.0628967
2023;	1.90053
2024;	0.991215
2025;	0.397588
2026;	2.67998
2027;	0.765663
2028;	2.95945
2029;	0.942029
2030;	-0.195871
2031;	2.49448
2032;	0.387988
2033;	1.96228
2034;	0.138921
2035;	0.549947
2036;	0.252379
2037;	1.82771
2038;	1.7258
2039;	-0.22838
2040;	3.1858
2041;	1.15808
2042;	1.00676
2043;	1.46771
2044;	2.33976
2045;	1.22237
2046;	2.01404
2047;	0.0496179
2048;	2.05342
2049;	0.0171416
2050;	0.814458
2051;	-0.0820398
2052;	2.6579
2053;	-0.0211346
2054;	0.487303
2055;	1.41758
2056;	-0.444722
2057;	0.0188543
2058;	4.17442
2059;	2.21997
2060;	1.40257
2061;	1.16961
2062;	1.1548
2063;	1.29158
2064;	1.8456
2065;	1.46629
2066;	2.1153
2067;	-0.209762
2068;	0.478978
2069;	-0.690911
2070;	0.169326
2071;	2.10543
2072;	2.20911
2073;	0.95883
2074;	0.652947
2075;	2.49095
2076;	102.477
2077;	0.231196
2078;	0.123193
2079;	-1.55491
2080;	1.05531
2081;	3.04763
2082;	1.02141
2083;	2.09335
2084;	1.0327
2085;	0.392088
2086;	0.274838
2087;	3.0597
2088;	1.90544
2089;	0.926137
2090;	1.61115
2091;	2.49772
2092;	1.12242
2093;	4.20253
2094;	2.14467
2095;	0.962434
2096;	-0.0971499
2097;	1.22462
2098;	0.201386
2099;	2.16271
2100;	0.927111
2101;	2.54869
2102;	1.38776
2103;	1.12755
2104;	0.85005
2105;	2.71112
2106;	0.0991071
2107;	1.34931
2108;	1.77904
2109;	-0.126889
2110;	0.830657
2111;	1.00403
2112;	0.858458
2113;	1.17602
2114;	-0.0239997
2115;	1.60379
2116;	1.26768
2117;	0.138971
2118;	3.24863
2119;	0.50827
2120;	0.505256
2121;	-0.231406
2122;	2.96609
2123;	3.31089
2124;	-0.452338
2125;	1.55294
2126;	0.349791
2127;	-0.251653
2128;	1.00209
2129;	-0.161305
2130;	0.708534
2131;	1.89343
2132;	0.7824
2133;	3.07437
2134;	1.07129
2135;	4.12368
2136;	1.36286
2137;	0.250375
2138;	0.648282
2139;	-0.068909
2140;	2.93789
2141;	1.1934
2142;	0.913089
2143;	1.24338
2144;	1.35212
2145;	1.43921
2146;	0.477956
2147;	0.673316
2148;	2.3798
2149;	1.37618
2150;	1.78647
2151;	2.17748
2152;	1.4887
2153;	1.06016
2154;	3.40987
2155;	0.62773
2156;	1.98206
2157;	0.867498
2158;	101.34
2159;	-1.18065
2160;	-0.642418
2161;	3.50271
2162;	0.211441
2163;	-0.0615364
2164;	2.98336
2165;	0.465245
2166;	1.56193
2167;	2.82124
2168;	0.307042
2169;	-0.430506
2170;	0.39282
2171;	2.30174
2172;	1.74445
2173;	1.67727
2174;	1.10186
2175;	1.47333
2176;	2.08709
2177;	2.80114
2178;	-0.240875
2179;	1.90157
2180;	0.830679
2181;	3.33986
2182;	0.337532
2183;	0.873303
2184;	1.26782
2185;	1.75093
2186;	0.847036
2187;	1.40467
2188;	1.59241
2189;	2.1406
2190;	0.966926
2191;	2.75145
2192;	1.36551
2193;	2.57181
2194;	2.56931
2195;	0.765364
2196;	0.767744
2197;	0.291446
2198;	1.55238
2199;	1.05353
2200;	0.276094
2201;	2.18712
2202;	0.971254
2203;	2.37443
2204;	3.11678
2205;	0.731624
2206;	1.89239
2207;	2.02693
2208;	1.24848
2209;	0.389845
2210;	0.541897
2211;	1.29286
2212;	0.0434975
2213;	0.0234167
2214;	1.09512
2215;	1.80739
2216;	2.5121
2217;	2.05216
2218;	0.448418
2219;	2.56761
2220;	0.971969
2221;	3.5498
2222;	2.08039
2223;	0.801574
2224;	2.04639
2225;	0.678985
2226;	2.09505
2227;	1.69442
2228;	1.49077
2229;	0.240669
2230;	0.446477
2231;	2.00336
2232;	3.95148
2233;	2.43934
2234;	1.53305
2235;	0.705961
2236;	0.114986
2237;	1.30214
2238;	0.156641
2239;	0.924129
2240;	1.17331
2241;	1.01644
2242;	-0.328752
2243;	2.48575
2244;	1.82885
2245;	0.86062
2246;	1.26965
2247;	-1.22201
2248;	1.82773
2249;	0.928794
2250;	1.16854
2251;	0.522841
2252;	0.611762
2253;	1.46009
2254;	1.47552
2255;	2.21563
2256;	1.95943
2257;	1.33414
2258;	2.5664
2259;	0.618267
2260;	0.427226
2261;	0.698285
2262;	0.526423
2263;	0.83352
2264;	0.388017
2265;	0.716968
2266;	1.21585
2267;	3.20887
2268;	1.87813
2269;	0.50764
2270;	1.13445
2271;	0.238063
2272;	-0.413425
2273;	2.15168
2274;	1.65783
2275;	1.14706
2276;	0.684905
2277;	0.0703196
2278;	0.226113
2279;	1.0525
2280;	0.314071
2281;	-0.0338427
2282;	0.30693
2283;	0.148186
2284;	1.20534
2285;	1.48111
2286;	2.97878
2287;	1.87894
2288;	0.712808
2289;	-0.982556
2290;	1.82582
2291;	1.91064
2292;	0.245506
2293;	1.93935
2294;	0.864188
2295;	1.54428
2296;	1.31964
2297;	0.955599
2298;	2.91652
2299;	0.493802
2300;	1.14148
2301;	2.52056
2302;	2.26647
2303;	3.07241
2304;	-0.349689
2305;	-0.472133
2306;	1.12678
2307;	2.02116
2308;	0.794037
2309;	1.41727
2310;	2.00564
2311;	0.83135
2312;	1.29692
2313;	1.12128
2314;	2.75598
2315;	0.425941
2316;	2.63785
2317;	0.895613
2318;	-0.174454
2319;	-0.654417
2320;	-0.235394
2321;	1.33704
2322;	1.89319
2323;	-0.0341623
2324;	1.08248
2325;	0.731037
2326;	0.0854124
2327;	-0.206159
2328;	2.13934
2329;	-0.429695
2330;	2.27098
2331;	2.16522
2332;	1.31503
2333;	1.65809
2334;	0.899434
2335;	2.89078
2336;	1.50902
2337;	2.80489
2338;	-0.233483
2339;	1.12804
2340;	0.115195
2341;	1.55562
2342;	1.08809
2343;	1.51996
2344;	0.410958
2345;	1.82704
2346;	0.461292
2347;	2.04061
2348;	0.779762
2349;	1.90473
2350;	0.400323
2351;	0.855929
2352;	0.712812
2353;	-0.144051
2354;	0.640899
2355;	0.634917
2356;	0.736436
2357;	-0.231906
2358;	1.69481
2359;	2.36032
2360;	0.560836
2361;	-0.449308
2362;	1.73333
2363;	1.96813
2364;	1.31646
2365;	1.56259
2366;	1.01749
2367;	1.69322
2368;	0.221851
2369;	1.49645
2370;	1.25209
2371;	0.293749
2372;	1.69567
2373;	2.426
2374;	0.536793
2375;	0.40519
2376;	1.0695
2377;	2.689
2378;	0.645448
2379;	1.38616
2380;	2.03654
2381;	1.46412
2382;	1.55164
2383;	2.02408
2384;	3.14911
2385;	1.3392
2386;	1.87268
2387;	1.42482
2388;	0.908719
2389;	1.42153
2390;	2.36088
2391;	0.726133
2392;	2.11084
2393;	0.970156
2394;	0.64167
2395;	0.0818742
2396;	-0.470791
2397;	0.204381
2398;	1.79081
2399;	1.51604
2400;	3.167
2401;	1.17797
2402;	0.227833
2403;	0.494515
2404;	1.75223
2405;	0.407505
2406;	0.465417
2407;	1.80811
2408;	0.0177497
2409;	1.92552
2410;	0.146175
2411;	0.838116
2412;	1.59281
2413;	0.940873
2414;	2.44634
2415;	1.62612
2416;	-0.201163
2417;	-0.857627
2418;	2.38711
2419;	1.15035
2420;	0.547037
2421;	0.0187882
2422;	0.656739
2423;	1.93395
2424;	0.840733
2425;	1.03702
2426;	-0.382836
2427;	1.67661
2428;	0.656654
2429;	0.694496
2430;	1.33604
2431;	0.641232
2432;	-0.141244
2433;	1.20325
2434;	0.711395
2435;	1.78756
2436;	3.32028
2437;	-0.236448
2438;	1.25897
2439;	0.0716514
2440;	1.64342
2441;	1.33276
2442;	1.61919
2443;	-0.0550765
2444;	2.16888
2445;	1.76489
2446;	0.37017
2447;	2.65696
2448;	-0.0249711
2449;	0.746651
2450;	1.5448
2451;	0.90196
2452;	2.34973
2453;	1.88701
2454;	-0.920618
2455;	0.214482
2456;	2.68862
2457;	0.758865
2458;	3.3882
2459;	0.375765
2460;	0.141832
2461;	0.919762
2462;	2.14086
2463;	0.757431
2464;	2.87347
2465;	-0.210481
2466;	1.49499
2467;	1.33936
2468;	0.822782
2469;	2.31231
2470;	1.26371
2471;	1.9464
2472;	1.57061
2473;	1.88703
2474;	0.277129
2475;	0.895173
2476;	-0.408153
2477;	1.27701
2478;	0.436163
2479;	2.47706
2480;	1.74903
2481;	0.623893
2482;	1.41119
2483;	0.324337
2484;	1.36194
2485;	0.118766
2486;	1.33941
2487;	1.38462
2488;	0.618703
2489;	1.03359
2490;	1.52518
2491;	3.11965
2492;	1.50707
2493;	1.72829
2494;	2.01019
2495;	-0.571639
2496;	0.998793
2497;	2.13513
2498;	0.687322
2499;	1.00837
2500;	0.374146
2501;	0.648579
2502;	0.568498
2503;	1.08678
2504;	1.61347
2505;	1.1034
2506;	1.35061
2507;	3.52689
2508;	0.729958
2509;	1.24684
2510;	1.38654
2511;	1.73399
2512;	1.99929
2513;	0.994992
2514;	1.57369
2515;	0.161019
2516;	0.142677
2517;	0.251547
2518;	1.43811
2519;	1.00287
2520;	-0.20864
2521;	2.43354
2522;	0.507518
2523;	1.05088
2524;	1.55802
2525;	-0.201858
2526;	0.480666
2527;	1.63138
2528;	1.77917
2529;	1.07225
2530;	0.866676
2531;	0.981352
2532;	1.99583
2533;	1.85027
2534;	1.89394
2535;	1.21985
2536;	0.790611
2537;	1.29651
2538;	-0.0033371
2539;	2.38551
2540;	-0.268922
2541;	3.06985
2542;	2.55888
2543;	0.997219
2544;	0.205163
2545;	2.36762
2546;	-0.487694
2547;	0.171213
2548;	1.84776
2549;	0.742055
2550;	1.45815
2551;	0.443326
2552;	1.40725
2553;	0.119791
2554;	2.92269
2555;	0.654442
2556;	0.601503
2557;	0.785532
2558;	1.00078
2559;	1.36334
2560;	1.90074
2561;	1.25113
2562;	0.147806
2563;	1.34846
2564;	0.430964
2565;	0.408059
2566;	1.15712
2567;	0.69753
2568;	0.734291
2569;	1.86046
2570;	1.73467
2571;	0.406606
2572;	1.24717
2573;	2.49709
2574;	0.896855
2575;	0.640608
2576;	1.44125
2577;	0.566213
2578;	1.07884
2579;	3.32266
2580;	0.132718
2581;	0.183427
2582;	0.103892
2583;	-0.216591
2584;	1.71985
2585;	1.45831
2586;	0.643847
2587;	0.734429
2588;	-0.60461
2589;	1.68713
2590;	0.952346
2591;	0.441078
2592;	1.6488
2593;	2.43817
2594;	1.42213
2595;	0.326604
2596;	2.18171
2597;	1.43212
2598;	0.346164
2599;	0.0345091
2600;	0.0721452
2601;	1.82947
2602;	1.81763
2603;	0.68009
2604;	1.57549
2605;	1.75291
2606;	0.762186
2607;	1.6012
2608;	0.131102
2609;	0.646612
2610;	1.75216
2611;	1.31445
2612;	2.4563
2613;	1.09791
2614;	2.78541
2615;	1.8107
2616;	2.76164
2617;	1.45575
2618;	2.30678
2619;	0.0754862
2620;	0.884054
2621;	1.30873
2622;	0.263779
2623;	-0.176869
2624;	2.62184
2625;	0.97863
2626;	0.67205
2627;	0.80582
2628;	0.71078
2629;	2.3657
2630;	1.17129
2631;	0.699008
2632;	1.01425
2633;	0.815145
2634;	2.14093
2635;	0.619191
2636;	0.655402
2637;	-0.0600581
2638;	0.928229
2639;	1.97394
2640;	1.51988
2641;	1.98535
2642;	2.25755
2643;	0.93561
2644;	0.17795
2645;	1.15499
2646;	0.223261
2647;	0.166473
2648;	2.1791
2649;	0.109703
2650;	0.475342
2651;	0.823706
2652;	2.66654
2653;	1.49927
2654;	0.681678
2655;	1.34914
2656;	3.31745
2657;	0.211672
2658;	0.427656
2659;	1.78477
2660;	2.4057
2661;	3.98244
2662;	2.34119
2663;	-0.000835295
2664;	0.171482
2665;	0.281421
2666;	0.688801
2667;	1.51901
2668;	2.73007
2669;	0.253136
2670;	1.08396
2671;	0.515554
2672;	1.74305
2673;	0.81634
2674;	1.44837
2675;	0.329652
2676;	1.15027
2677;	2.9951
2678;	0.788203
2679;	0.710474
2680;	0.98091
2681;	1.69119
2682;	1.04604
2683;	1.79719
2684;	2.49049
2685;	0.570933
2686;	0.631772
2687;	-0.629875
2688;	2.03891
2689;	3.27231
2690;	-1.15768
2691;	0.920152
2692;	0.942207
2693;	1.30607
2694;	0.577638
2695;	1.83129
2696;	101.6
2697;	2.41267
2698;	0.152864
2699;	2.39133
2700;	-0.456642
2701;	1.23569
2702;	1.20686
2703;	1.10942
2704;	1.73811
2705;	-0.577737
2706;	0.996499
2707;	0.484207
2708;	1.58546
2709;	1.31916
2710;	1.20216
2711;	2.70019
2712;	0.940391
2713;	-0.0015843
2714;	2.61347
2715;	1.84204
2716;	0.133872
2717;	2.2548
2718;	2.23787
2719;	-1.00928
2720;	1.62928
2721;	2.63386
2722;	1.28406
2723;	2.03987
2724;	1.41195
2725;	-0.0727478
2726;	1.05508
2727;	0.814392
2728;	0.0910442
2729;	1.50644
2730;	0.938193
2731;	1.22587
2732;	2.79193
2733;	0.370119
2734;	1.48202
2735;	1.47238
2736;	2.9651
2737;	0.550115
2738;	1.02679
2739;	0.64186
2740;	-0.0829139
2741;	2.95974
2742;	100.598
2743;	1.68544
2744;	1.38239
2745;	1.13771
2746;	1.4394
2747;	0.34428
2748;	1.57624
2749;	2.02081
2750;	2.59316
2751;	-0.559208
2752;	1.26302
2753;	2.17472
2754;	1.37944
2755;	4.41096
2756;	0.573616
2757;	1.31928
2758;	0.58645
2759;	2.12937
2760;	1.19755
2761;	0.79912
2762;	0.0779677
2763;	1.45425
2764;	1.2578
2765;	0.265335
2766;	-0.106794
2767;	0.10682
2768;	0.923064
2769;	0.472271
2770;	0.44588
2771;	0.425882
2772;	-0.522965
2773;	1.81299
2774;	1.03178
2775;	0.172216
2776;	1.63051
2777;	0.300012
2778;	2.84492
2779;	1.39002
2780;	-0.382375
2781;	1.00983
2782;	-0.940763
2783;	1.27369
2784;	2.07158
2785;	0.835288
2786;	0.172588
2787;	2.15917
2788;	1.53168
2789;	3.1221
2790;	1.07832
2791;	0.607025
2792;	3.51323
2793;	1.18856
2794;	0.357172
2795;	0.529805
2796;	-0.579387
2797;	1.03163
2798;	0.63305
2799;	0.743615
2800;	1.97479
2801;	-1.13172
2802;	3.07584
2803;	1.56139
2804;	1.03466
2805;	2.42022
2806;	1.6453
2807;	2.56472
2808;	1.13643
2809;	0.766535
2810;	2.60468
2811;	2.06815
2812;	1.10715
2813;	1.64971
2814;	2.08174
2815;	0.73135
2816;	1.62422
2817;	1.02247
2818;	2.21914
2819;	0.102954
2820;	1.38946
2821;	0.147484
2822;	0.851386
2823;	0.576472
2824;	1.5778
2825;	0.521142
2826;	1.05398
2827;	0.33291
2828;	1.00862
2829;	1.43328
2830;	-0.158652
2831;	0.924445
2832;	0.97284
2833;	0.859258
2834;	-0.195309
2835;	0.52478
2836;	1.58096
2837;	1.30261
2838;	1.2478
2839;	1.525
2840;	1.42205
2841;	1.74305
2842;	-0.401568
2843;	-0.566444
2844;	1.71332
2845;	1.29054
2846;	1.31825
2847;	0.670804
2848;	1.02046
2849;	-0.361264
2850;	2.06959
2851;	0.672509
2852;	3.65112
2853;	-0.13307
2854;	0.280001
2855;	3.03561
2856;	0.559627
2857;	-0.0605031
2858;	0.436488
2859;	0.051636
2860;	0.544237
2861;	1.09406
2862;	0.821031
2863;	1.09396
2864;	-0.128026
2865;	1.48482
2866;	2.28857
2867;	0.616504
2868;	0.793741
2869;	2.68803
2870;	1.07312
2871;	1.6653
2872;	0.637875
2873;	1.57437
2874;	1.61985
2875;	1.65183
2876;	0.854741
2877;	1.90072
2878;	-0.278481
2879;	0.350995
2880;	0.246332
2881;	0.362111
2882;	0.984338
2883;	-1.04552
2884;	0.821069
2885;	3.4555
2886;	1.05585
2887;	0.816484
2888;	0.289242
2889;	1.15058
2890;	0.591027
2891;	0.395501
2892;	0.408775
2893;	0.740724
2894;	0.167082
2895;	-0.207078
2896;	2.43745
2897;	0.428405
2898;	-0.289874
2899;	0.530086
2900;	2.13102
2901;	1.31732
2902;	0.604055
2903;	0.114646
2904;	0.363461
2905;	0.514061
2906;	-0.263058
2907;	1.5392
2908;	2.3129
2909;	0.0742299
2910;	0.0856795
2911;	0.829133
2912;	-0.137977
2913;	0.547425
2914;	0.201952
2915;	1.32563
2916;	1.01973
2917;	1.1937
2918;	0.551859
2919;	1.3282
2920;	-0.455169
2921;	1.90869
2922;	1.30671
2923;	-0.00177788
2924;	1.68594
2925;	1.62059
2926;	1.36989
2927;	0.373804
2928;	0.255813
2929;	0.334977
2930;	1.09759
2931;	1.25808
2932;	0.709218
2933;	1.73676
2934;	1.03847
2935;	0.331615
2936;	1.3433
2937;	1.81722
2938;	1.24357
2939;	1.16073
2940;	0.556158
2941;	0.627316
2942;	1.12835
2943;	0.164547
2944;	0.658066
2945;	0.748349
2946;	1.71138
2947;	2.46437
2948;	0.920178
2949;	2.60483
2950;	2.56721
2951;	2.11397
2952;	0.843672
2953;	2.02699
2954;	0.966136
2955;	1.40119
2956;	0.239228
2957;	0.353248
2958;	1.73992
2959;	0.609565
2960;	0.189997
2961;	0.472038
2962;	0.253709
2963;	-0.433533
2964;	0.797894
2965;	0.811775
2966;	-0.236807
2967;	2.11032
2968;	1.27646
2969;	1.58855
2970;	-0.317671
2971;	0.38428
2972;	1.06665
2973;	0.707533
2974;	1.42351
2975;	1.04863
2976;	1.22443
2977;	0.981878
2978;	0.661369
2979;	0.736711
2980;	-0.283641
2981;	1.18017
2982;	1.90859
2983;	2.93606
2984;	2.56702
2985;	1.32428
2986;	1.45672
2987;	100.437
2988;	2.84058
2989;	-0.126527
2990;	1.87851
2991;	-0.0696516
2992;	0.366331
2993;	3.90992
2994;	0.799967
2995;	0.481879
2996;	1.56519
2997;	1.32285
2998;	0.935474
2999;	1.59035
3000;	1.37608
3001;	1.73964
3002;	-0.277778
3003;	2.10953
3004;	-0.347427
3005;	-0.119288
3006;	1.60122
3007;	0.448886
3008;	-0.241189
3009;	0.0990162
3010;	1.54587
3011;	2.4915
3012;	0.0850164
3013;	2.18826
3014;	0.59411
3015;	1.02909
3016;	0.780869
3017;	0.081122
3018;	0.0842451
3019;	0.677429
3020;	0.955884
3021;	0.714368
3022;	1.71223
3023;	2.15993
3024;	1.18556
3025;	0.833499
3026;	0.518582
3027;	0.935485
3028;	1.57846
3029;	1.9263
3030;	0.714804
3031;	1.41243
3032;	0.826494
3033;	2.09129
3034;	1.54075
3035;	-0.525762
3036;	0.264766
3037;	-0.157411
3038;	1.42634
3039;	1.21798
3040;	-0.156712
3041;	2.12496
3042;	1.2559
3043;	1.58496
3044;	1.17778
3045;	0.949168
3046;	0.058329
3047;	0.14589
3048;	0.686183
3049;	2.73243
3050;	0.35957
3051;	1.67829
3052;	1.48388
3053;	-0.00812624
3054;	0.636603
3055;	1.40119
3056;	1.98921
3057;	0.646636
3058;	-1.20744
3059;	1.35742
3060;	0.329021
3061;	3.06044
3062;	2.24415
3063;	0.818651
3064;	1.91856
3065;	3.33052
3066;	0.253179
3067;	0.64735
3068;	0.891725
3069;	1.51651
3070;	1.10397
3071;	1.72397
3072;	1.12999
3073;	0.748679
3074;	-0.130863
3075;	0.0384866
3076;	2.06999
3077;	0.752361
3078;	1.36457
3079;	1.25984
3080;	0.812545
3081;	1.24244
3082;	0.15592
3083;	-0.082717
3084;	0.402637
3085;	-0.00535721
3086;	2.33652
3087;	2.20555
3088;	2.41498
3089;	2.09029
3090;	0.900299
3091;	0.912062
3092;	0.27613
3093;	1.23385
3094;	0.086288
3095;	-2.53669
3096;	2.03558
3097;	0.909582
3098;	-0.248295
3099;	-0.440847
3100;	0.143586
3101;	0.734642
3102;	1.63159
3103;	2.08945
3104;	2.01547
3105;	1.18599
3106;	-0.150639
3107;	-1.83855
3108;	-0.0029912
3109;	0.318817
3110;	2.74088
3111;	0.605093
3112;	-0.074968
3113;	0.29828
3114;	3.01309
3115;	1.74485
3116;	3.53097
3117;	1.10122
3118;	0.588217
3119;	1.00876
3120;	-2.301
3121;	-0.0530501
3122;	0.558934
3123;	1.64215
3124;	-0.64132
3125;	0.847141
3126;	0.352273
3127;	-0.0344977
3128;	0.62167
3129;	1.55735
3130;	1.28854
3131;	0.681861
3132;	0.63133
3133;	2.41876
3134;	0.409789
3135;	1.03755
3136;	0.225461
3137;	1.39634
3138;	1.6267
3139;	1.43767
3140;	-1.0987
3141;	0.750829
3142;	0.943396
3143;	1.4558
3144;	4.00619
3145;	1.92672
3146;	-0.0115765
3147;	0.191378
3148;	0.595337
3149;	0.0989291
3150;	1.11466
3151;	0.941746
3152;	0.651582
3153;	0.317601
3154;	0.592557
3155;	0.849264
3156;	1.29811
3157;	0.911939
3158;	2.50651
3159;	1.25313
3160;	1.24324
3161;	-1.30493
3162;	1.13378
3163;	0.202639
3164;	-0.250783
3165;	1.54195
3166;	1.6222
3167;	0.842992
3168;	1.50376
3169;	0.667185
3170;	1.23384
3171;	0.280156
3172;	0.0241788
3173;	1.51322
3174;	1.80312
3175;	-0.0103514
3176;	0.164837
3177;	2.22228
3178;	0.798078
3179;	1.62631
3180;	2.06591
3181;	1.69574
3182;	-0.284704
3183;	0.152877
3184;	2.22077
3185;	-0.0727448
3186;	1.35048
3187;	0.266604
3188;	1.64967
3189;	1.16359
3190;	-0.750167
3191;	0.356868
3192;	0.0133405
3193;	0.148371
3194;	0.32665
3195;	1.63718
3196;	1.43636
3197;	0.0921362
3198;	1.43295
3199;	0.567251
3200;	1.44993
3201;	0.104344
3202;	0.740466
3203;	0.787355
3204;	0.716102
3205;	0.320073
3206;	1.55721
3207;	0.129286
3208;	0.763432
3209;	1.75298
3210;	1.63912
3211;	0.657474
3212;	1.49157
3213;	0.75923
3214;	1.11081
3215;	1.57966
3216;	0.136549
3217;	0.0705703
3218;	1.67971
3219;	1.95108
3220;	-0.923027
3221;	1.61375
3222;	1.57306
3223;	0.883568
3224;	0.963591
3225;	1.91735
3226;	-0.480823
3227;	0.974904
3228;	0.209864
3229;	2.17301
3230;	1.19716
3231;	-0.00416352
3232;	0.540265
3233;	1.46995
3234;	1.29258
3235;	0.0561489
3236;	0.92296
3237;	1.78226
3238;	0.703039
3239;	0.632773
3240;	0.544485
3241;	0.839522
3242;	0.939364
3243;	1.13409
3244;	1.87664
3245;	0.904763
3246;	2.10512
3247;	0.848799
3248;	2.69218
3249;	4.33268
3250;	1.22666
3251;	0.904397
3252;	0.887322
3253;	0.514996
3254;	0.745545
3255;	-0.0462226
3256;	1.28579
3257;	1.50742
3258;	2.28084
3259;	1.38596
3260;	0.563913
3261;	0.058951
3262;	1.36229
3263;	-0.669903
3264;	1.01878
3265;	-0.0977912
3266;	0.722367
3267;	0.736972
3268;	1.10693
3269;	0.342788
3270;	1.69208
3271;	1.71819
3272;	1.32026
3273;	0.76929
3274;	3.46279
3275;	0.227237
3276;	1.52419
3277;	1.40833
3278;	0.458852
3279;	1.57711
3280;	1.05847
3281;	0.282888
3282;	1.95364
3283;	1.85276
3284;	0.0449746
3285;	0.0313796
3286;	1.08317
3287;	2.61235
3288;	1.4701
3289;	1.02316
3290;	0.967684
3291;	-0.0676495
3292;	2.04847
3293;	1.25038
3294;	1.91039
3295;	0.792448
3296;	0.302946
3297;	-0.493393
3298;	0.0327219
3299;	2.2099
3300;	0.662678
3301;	0.505116
3302;	0.673077
3303;	1.02555
3304;	2.23552
3305;	1.87617
3306;	1.16812
3307;	0.746395
3308;	1.36776
3309;	0.3373
3310;	0.16684
3311;	0.918061
3312;	2.06662
3313;	2.58758
3314;	-1.51768
3315;	0.542088
3316;	0.63473
3317;	1.75557
3318;	0.132832
3319;	3.44554
3320;	0.157062
3321;	-0.0236533
3322;	0.28262
3323;	1.11496
3324;	1.58652
3325;	-0.0501083
3326;	1.71431
3327;	1.13872
3328;	-0.302672
3329;	0.248914
3330;	1.11387
3331;	0.776076
3332;	3.47296
3333;	1.65541
3334;	-0.234746
3335;	0.959773
3336;	2.96392
3337;	-0.0280419
3338;	2.21073
3339;	1.02648
3340;	0.901453
3341;	1.47029
3342;	2.23569
3343;	0.683849
3344;	0.288692
3345;	0.694136
3346;	0.488594
3347;	1.698
3348;	0.147979
3349;	0.152637
3350;	1.07809
3351;	1.85305
3352;	1.22403
3353;	1.05399
3354;	0.0764059
3355;	1.09607
3356;	0.784772
3357;	0.105328
3358;	-1.49298
3359;	1.50837
3360;	2.4014
3361;	1.40024
3362;	2.31145
3363;	1.19859
3364;	0.936864
3365;	0.759144
3366;	1.47743
3367;	-0.251471
3368;	1.68431
3369;	-0.00446074
3370;	0.834951
3371;	-0.254758
3372;	3.00594
3373;	1.26848
3374;	-0.68429
3375;	1.10676
3376;	2.4256
3377;	0.471129
3378;	-0.157251
3379;	0.556668
3380;	1.46252
3381;	2.18115
3382;	0.414752
3383;	1.79806
3384;	1.12713
3385;	-0.048
3386;	0.0200562
3387;	0.940688
3388;	1.29511
3389;	1.39128
3390;	0.00302517
3391;	0.38085
3392;	-0.346677
3393;	0.751097
3394;	1.14167
3395;	0.510737
3396;	1.37125
3397;	1.67075
3398;	0.707569
3399;	0.113718
3400;	0.00435726
3401;	0.648446
3402;	0.778761
3403;	1.78608
3404;	3.05573
3405;	-0.851352
3406;	1.60851
3407;	0.948601
3408;	0.557303
3409;	-0.423524
3410;	0.678049
3411;	1.99175
3412;	2.50101
3413;	0.802096
3414;	1.16556
3415;	1.5321
3416;	1.68007
3417;	0.00484742
3418;	1.57326
3419;	1.57976
3420;	0.926032
3421;	1.01996
3422;	0.656516
3423;	0.0240159
3424;	0.494359
3425;	0.719361
3426;	0.320798
3427;	0.773672
3428;	1.47773
3429;	0.628456
3430;	1.23909
3431;	0.799395
3432;	2.21716
3433;	0.733495
3434;	0.786702
3435;	0.716696
3436;	1.41206
3437;	0.0558558
3438;	0.0164101
3439;	1.8974
3440;	-0.958127
3441;	1.90512
3442;	2.48114
3443;	0.124501
3444;	0.039748
3445;	-0.180697
3446;	1.60292
3447;	0.193565
3448;	0.969266
3449;	0.822692
3450;	1.98634
3451;	0.669172
3452;	0.281542
3453;	1.32866
3454;	1.30702
3455;	0.305845
3456;	0.703186
3457;	-0.172472
3458;	1.58382
3459;	-0.1039
3460;	0.968142
3461;	1.0629
3462;	1.28434
3463;	2.06279
3464;	1.07875
3465;	0.510728
3466;	1.92316
3467;	-0.205846
3468;	0.583597
3469;	0.480906
3470;	0.683264
3471;	0.746243
3472;	-1.49444
3473;	2.3112
3474;	0.794429
3475;	1.7862
3476;	2.15003
3477;	0.932051
3478;	-1.85721
3479;	0.996629
3480;	0.606215
3481;	0.593531
3482;	0.556597
3483;	1.45391
3484;	0.106427
3485;	0.806081
3486;	0.371058
3487;	0.938445
3488;	2.42279
3489;	0.992749
3490;	0.551756
3491;	0.132255
3492;	0.156373
3493;	1.28756
3494;	0.00943866
3495;	0.861574
3496;	1.19554
3497;	0.110821
3498;	0.121336
3499;	1.15483
3500;	-1.73934
3501;	-0.520023
3502;	0.612001
3503;	0.108116
3504;	-1.28299
3505;	0.563709
3506;	1.05868
3507;	0.0309838
3508;	1.59091
3509;	0.335304
3510;	0.0119687
3511;	2.07309
3512;	0.310138
3513;	0.767705
3514;	0.784584
3515;	1.05525
3516;	1.08346
3517;	2.6374
3518;	1.50546
3519;	1.19128
3520;	0.584223
3521;	2.00095
3522;	2.14123
3523;	1.19862
3524;	1.92813
3525;	1.36906
3526;	1.56134
3527;	0.0105596
3528;	0.514726
3529;	1.30804
3530;	1.49556
3531;	2.66155
3532;	0.0287595
3533;	0.187554
3534;	1.19945
3535;	1.76855
3536;	1.01116
3537;	0.353874
3538;	-0.0103815
3539;	0.111173
3540;	1.26292
3541;	1.48558
3542;	0.179545
3543;	1.33238
3544;	1.2926
3545;	0.377375
3546;	0.85174
3547;	1.78445
3548;	1.14617
3549;	0.484248
3550;	-0.252912
3551;	0.931233
3552;	1.12338
3553;	1.79056
3554;	0.382837
3555;	1.49555
3556;	0.377723
3557;	1.41965
3558;	1.74404
3559;	0.64868
3560;	2.05212
3561;	-0.0330864
3562;	1.73148
3563;	1.27019
3564;	0.777883
3565;	1.4836
3566;	2.48007
3567;	1.32059
3568;	1.92778
3569;	0.980995
3570;	1.20113
3571;	0.96655
3572;	1.23604
3573;	1.67182
3574;	2.12228
3575;	0.695335
3576;	-0.00853522
3577;	-1.22023
3578;	1.73326
3579;	1.37696
3580;	1.37835
3581;	0.38181
3582;	-0.658286
3583;	0.610072
3584;	1.36366
3585;	0.522141
3586;	0.318863
3587;	2.30367
3588;	2.29792
3589;	2.48111
3590;	4.29514
3591;	0.74041
3592;	1.12972
3593;	0.627749
3594;	0.474792
3595;	1.77186
3596;	0.631886
3597;	1.37739
3598;	-1.52723
3599;	1.02155
3600;	0.91769
3601;	2.56613
3602;	0.493911
3603;	1.17922
3604;	-0.209005
3605;	0.665185
3606;	1.11021
3607;	1.38249
3608;	2.32959
3609;	1.16805
3610;	0.762261
3611;	-0.350231
3612;	1.99664
3613;	0.86218
3614;	0.691396
3615;	1.73911
3616;	0.938471
3617;	1.31339
3618;	0.278242
3619;	1.98099
3620;	3.4174
3621;	0.826989
3622;	1.45765
3623;	1.10915
3624;	0.608246
3625;	1.43317
3626;	0.725498
3627;	0.663704
3628;	0.203825
3629;	2.25327
3630;	0.600722
3631;	0.256126
3632;	0.936137
3633;	3.80627
3634;	1.6078
3635;	1.40417
3636;	0.232627
3637;	0.657354
3638;	0.538819
3639;	1.38402
3640;	2.56453
3641;	1.46422
3642;	0.653335
3643;	0.204196
3644;	0.60144
3645;	0.875296
3646;	1.35646
3647;	1.51253
3648;	1.21119
3649;	0.77518
3650;	1.22874
3651;	1.64919
3652;	1.79934
3653;	-0.24124
3654;	2.4178
3655;	0.678225
3656;	1.87664
3657;	1.07809
3658;	0.109269
3659;	0.663186
3660;	0.57587
3661;	0.443988
3662;	1.72848
3663;	0.117043
3664;	1.88657
3665;	1.20056
3666;	0.985499
3667;	1.43721
3668;	-0.0916723
3669;	3.86038
3670;	0.704876
3671;	0.546609
3672;	1.29977
3673;	2.25452
3674;	1.03176
3675;	0.174381
3676;	0.100613
3677;	1.15682
3678;	-1.40499
3679;	0.721141
3680;	1.84277
3681;	1.54817
3682;	-0.28795
3683;	1.59108
3684;	1.96523
3685;	1.70522
3686;	-0.395879
3687;	0.957732
3688;	1.86217
3689;	0.398735
3690;	2.3474
3691;	0.335014
3692;	0.213871
3693;	-0.0860282
3694;	-0.428937
3695;	0.610104
3696;	0.387534
3697;	1.12682
3698;	2.33972
3699;	1.53749
3700;	0.783082
3701;	1.17934
3702;	-0.254719
3703;	0.551685
3704;	2.08601
3705;	-0.0347285
3706;	1.37862
3707;	0.253095
3708;	2.5689
3709;	-0.512374
3710;	0.690189
3711;	0.145144
3712;	1.10246
3713;	1.27282
3714;	0.614714
3715;	-2.86831
3716;	2.34512
3717;	3.36141
3718;	1.35383
3719;	0.696808
3720;	0.932664
3721;	2.23816
3722;	1.03412
3723;	1.53347
3724;	0.622943
3725;	0.552847
3726;	0.370449
3727;	1.69196
3728;	-0.121449
3729;	0.16036
3730;	0.111439
3731;	2.2639
3732;	0.245316
3733;	0.014592
3734;	2.48748
3735;	0.0646774
3736;	0.702112
3737;	0.128857
3738;	2.91351
3739;	0.426646
3740;	0.418144
3741;	0.688917
3742;	0.822795
3743;	-0.2525
3744;	0.629056
3745;	2.10711
3746;	1.86057
3747;	0.631927
3748;	1.16584
3749;	-0.183125
3750;	0.785275
3751;	4.09385
3752;	2.07582
3753;	0.135383
3754;	0.954062
3755;	2.23731
3756;	0.100324
3757;	1.55469
3758;	0.887191
3759;	0.329125
3760;	0.0975001
3761;	0.84793
3762;	0.304765
3763;	1.60189
3764;	0.851194
3765;	0.690397
3766;	0.704419
3767;	1.15468
3768;	1.61611
3769;	1.26631
3770;	1.66079
3771;	0.440494
3772;	1.20766
3773;	0.239433
3774;	1.57012
3775;	1.45512
3776;	0.781911
3777;	1.8037
3778;	1.27343
3779;	-0.53032
3780;	1.01268
3781;	0.891392
3782;	1.73999
3783;	1.06823
3784;	0.00512538
3785;	1.22147
3786;	0.907796
3787;	0.488057
3788;	1.14548
3789;	1.07852
3790;	0.867666
3791;	1.09368
3792;	2.6791
3793;	0.811921
3794;	0.437344
3795;	1.64118
3796;	0.534697
3797;	0.31523
3798;	1.66936
3799;	0.419629
3800;	1.23912
3801;	-0.229113
3802;	0.637155
3803;	0.788151
3804;	-0.96843
3805;	2.7364
3806;	0.323781
3807;	0.758224
3808;	2.04641
3809;	0.475241
3810;	0.263251
3811;	-0.0187298
3812;	0.681041
3813;	0.0550746
3814;	-0.266339
3815;	0.77529
3816;	1.75541
3817;	0.989816
3818;	1.54424
3819;	0.553897
3820;	0.83478
3821;	1.85102
3822;	1.51032
3823;	0.371651
3824;	0.319925
3825;	0.318728
3826;	0.553795
3827;	0.268276
3828;	1.81289
3829;	1.46855
3830;	0.897743
3831;	1.05839
3832;	0.67466
3833;	1.24577
3834;	0.0394404
3835;	0.817337
3836;	-0.0651858
3837;	0.267804
3838;	2.4985
3839;	0.290754
3840;	0.31355
3841;	0.896664
3842;	-0.181161
3843;	1.27998
3844;	-0.11447
3845;	-0.0469613
3846;	1.23108
3847;	1.41794
3848;	0.193687
3849;	0.821702
3850;	0.839709
3851;	-0.213079
3852;	1.10182
3853;	0.06905
3854;	-0.110319
3855;	0.117296
3856;	1.53882
3857;	1.15821
3858;	1.44346
3859;	2.50593
3860;	2.8704
3861;	1.02588
3862;	-0.0211689
3863;	0.530216
3864;	0.431598
3865;	0.541127
3866;	0.526014
3867;	2.84613
3868;	0.0263735
3869;	0.0311125
3870;	1.40824
3871;	0.667084
3872;	0.343983
3873;	0.602669
3874;	-0.165725
3875;	-0.202101
3876;	0.829054
3877;	0.718915
3878;	1.50183
3879;	1.32299
3880;	0.608978
3881;	1.57484
3882;	1.51979
3883;	0.844527
3884;	0.860806
3885;	1.03929
3886;	-0.0275138
3887;	0.825549
3888;	1.55182
3889;	1.06618
3890;	1.14843
3891;	0.755882
3892;	1.1781
3893;	-0.0333055
3894;	1.79605
3895;	99.9197
3896;	2.61771
3897;	2.63657
3898;	3.6764
3899;	-0.140222
3900;	0.965896
3901;	0.598422
3902;	-0.191467
3903;	3.18536
3904;	2.61796
3905;	1.96111
3906;	0.547758
3907;	0.0677698
3908;	-0.829955
3909;	0.480988
3910;	0.554654
3911;	0.621218
3912;	1.70148
3913;	1.32419
3914;	0.72098
3915;	1.35791
3916;	1.70777
3917;	-0.040625
3918;	0.427257
3919;	1.45034
3920;	101.957
3921;	0.333007
3922;	3.00353
3923;	1.95146
3924;	-0.418572
3925;	-3.37937
3926;	99.976
3927;	3.2961
3928;	-0.0540924
3929;	-0.653934
3930;	0.285719
3931;	0.853069
3932;	0.281034
3933;	0.10565
3934;	2.20768
3935;	0.00981829
3936;	0.428501
3937;	1.04615
3938;	1.80614
3939;	-0.104806
3940;	1.30398
3941;	0.0597646
3942;	1.91755
3943;	0.645902
3944;	0.0630808
3945;	0.610903
3946;	2.15963
3947;	0.374979
3948;	1.26273
3949;	0.651569
3950;	1.66433
3951;	1.49475
3952;	0.722139
3953;	0.494836
3954;	0.254245
3955;	0.64775
3956;	1.19452
3957;	-0.001177
3958;	1.79935
3959;	1.59042
3960;	0.00607987
3961;	-0.0610466
3962;	2.51112
3963;	-0.166535
3964;	1.64588
3965;	-0.527318
3966;	0.816654
3967;	0.00721802
3968;	1.53553
3969;	-0.114222
3970;	0.620147
3971;	0.63461
3972;	0.804591
3973;	0.651309
3974;	3.52018
3975;	0.0613538
3976;	1.85029
3977;	-0.0520999
3978;	-1.69778
3979;	1.19176
3980;	0.252709
3981;	1.29301
3982;	0.533155
3983;	2.0381
3984;	1.39888
3985;	0.46274
3986;	1.3003
3987;	0.661266
3988;	0.547704
3989;	-0.148877
3990;	0.535856
3991;	1.31239
3992;	0.126319
3993;	2.13712
3994;	0.919365
3995;	0.616217
3996;	0.434923
3997;	-0.190148
3998;	2.61768
3999;	1.85968
4000;	-0.0649287
4001;	0.484415
4002;	-0.061798
4003;	0.170065
4004;	1.34762
4005;	2.65977
4006;	0.606209
4007;	0.347532
4008;	0.544533
4009;	0.783969
4010;	-0.121138
4011;	0.0139115
4012;	0.77657
4013;	0.745445
4014;	1.27786
4015;	0.545648
4016;	0.668131
4017;	0.780212
4018;	1.38745
