# a_
-0.211462
-0.218026
-0.287148
-0.214511
-0.253088
-0.205865
-0.279914
-1.15197
-1.27362
1.91344

# b_
0.384378
0.387399
0.373781
0.399796
0.418405
0.394606
0.411747
0.401978
0.389486
0.406784 

# Weights
0.0466012  0.0377465  0.0204193 0.00822383  0.0162436  0.0293437  0.0272021  0.0240795  0.0167182  0.0203846    0.0261156  0.0284983  0.0148493  0.0371249  0.0448593 0.00822058  0.0391975  0.0175433  0.0172566  0.0238009         0.0146335  0.0114662  0.0389499  0.0467663  0.0266842  0.0351467  0.0278339   0.049127  0.0372691  0.0409566         0.0291037  0.0179535  0.0391517  0.0196762  0.0435818  0.0369135   0.036128  0.0230913  0.0378331  0.0386971         0.0317869  0.0323384  0.0199003  0.0345085  0.0303276  0.0295048   0.017865  0.0215115  0.0200414  0.0264188         0.0352005  0.0588293  0.0405227  0.0223258  0.0350672  0.0515795  0.0216099  0.0433567  0.0448669  0.0363929         0.0157915  0.0204458  0.0282465  0.0330482   0.030628   0.016217  0.0129328  0.0253413  0.0294885 0.00523952          -0.57666  -0.596617   -0.58512  -0.588362   -0.59254  -0.589999  -0.575032  -0.595691  -0.563867  -0.577063         -0.673538  -0.670591  -0.662453  -0.681282  -0.707265   -0.68589  -0.676108  -0.680358  -0.689795  -0.678755           1.39331    1.41083    1.37912    1.41538    1.44744    1.42861    1.39333    1.43406    1.39509    1.40446
